4004_32113_t2w (92, 69, 103)
0530_64216_t2w (91, 68, 95)
2471_92598_t2w (84, 63, 84)
0689_88632_t2w (101, 56, 118)
2386_86813_t2w (97, 61, 126)
2623_87023_t2w (101, 61, 123)
1102_66166_t2w (92, 71, 82)
0443_22639_t2w (85, 72, 98)
0360_17650_t2w (102, 64, 113)
0222_15761_t2w (94, 70, 95)
1072_50758_t2w (103, 59, 118)
0565_65722_t2w (71, 66, 89)
0355_31663_t2w (84, 74, 105)
2757_79576_t2w (102, 71, 113)
0563_33923_t2w (88, 72, 92)
2401_16859_t2w (99, 62, 123)
2548_14909_t2w (99, 46, 112)
0851_60795_t2w (87, 73, 87)
8142_26303_t2w (90, 64, 104)
0828_72251_t2w (80, 68, 97)
9003_92689_t2w (77, 77, 92)
0137_89470_t2w (99, 68, 123)
0424_44203_t2w (99, 67, 118)
1060_87901_t2w (87, 67, 100)
0485_80831_t2w (98, 53, 111)
0234_50084_t2w (91, 68, 101)
0547_62403_t2w (88, 64, 96)
2528_36274_t2w (110, 54, 117)
2620_78853_t2w (91, 75, 121)
0219_75227_t2w (81, 65, 99)
1132_40057_t2w (88, 72, 82)
0600_94039_t2w (96, 61, 116)
2585_77482_t2w (90, 68, 96)
0201_78461_t2w (91, 68, 97)
2273_92078_t2w (101, 61, 124)
0645_72189_t2w (104, 60, 112)
0112_54087_t2w (92, 72, 63)
2573_67410_t2w (100, 61, 115)
2314_24729_t2w (85, 66, 100)
